0.005, -1.5, -2.71343393297168e-11, 0, 7.4586527914685e-09
0.005, -1.47, -2.88815442821592e-11, 0, 7.79459945665155e-09
0.005, -1.44, -3.0779038176587e-11, 0, 8.15239826990269e-09
0.005, -1.41, -3.28432262251407e-11, 0, 8.53394900478281e-09
0.005, -1.38, -3.50927019766918e-11, 0, 8.94136109758574e-09
0.005, -1.35, -3.75486019850131e-11, 0, 9.37698197734093e-09
0.005, -1.32, -4.02350172596297e-11, 0, 9.84342996116829e-09
0.005, -1.29, -4.31794839653096e-11, 0, 1.03436325752598e-08
0.005, -1.26, -4.64135793658262e-11, 0, 1.08808713486447e-08
0.005, -1.23, -4.99736191634181e-11, 0, 1.14588343597588e-08
0.005, -1.2, -5.39015180405104e-11, 0, 1.20816781078132e-08
0.005, -1.17, -5.82458192753431e-11, 0, 1.27541006488265e-08
0.005, -1.14, -6.30629473034633e-11, 0, 1.34814284022434e-08
0.005, -1.11, -6.84187434872064e-11, 0, 1.42697196279073e-08
0.005, -1.08, -7.43903553150106e-11, 0, 1.51258883344492e-08
0.005, -1.05, -8.10685567927104e-11, 0, 1.60578533624253e-08
0.005, -1.02, -8.8560649312584e-11, 0, 1.70747186610929e-08
0.005, -0.99, -9.69940784317646e-11, 0, 1.81869924463757e-08
0.005, -0.96, -1.06520984335569e-10, 0, 1.94068551262837e-08
0.005, -0.93, -1.17323965797545e-10, 0, 2.07484888004575e-08
0.005, -0.9, -1.29623445579149e-10, 0, 2.22284850517844e-08
0.005, -0.87, -1.43687124652188e-10, 0, 2.38663530330078e-08
0.005, -0.84, -1.59842249190961e-10, 0, 2.56851570597464e-08
0.005, -0.81, -1.78491652410912e-10, 0, 2.77123228526269e-08
0.005, -0.78, -2.00134931600931e-10, 0, 2.99806654005194e-08
0.005, -0.75, -2.25396672065834e-10, 0, 3.25297108955435e-08
0.005, -0.72, -2.5506451530062e-10, 0, 3.54074129650719e-08
0.005, -0.69, -2.9014103961071e-10, 0, 3.8672403553983e-08
0.005, -0.66, -3.31915420273738e-10, 0, 4.23969776165667e-08
0.005, -0.63, -3.82063731754795e-10, 0, 4.66710982878817e-08
0.005, -0.6, -4.42791461404182e-10, 0, 5.16078416176212e-08
0.005, -0.57, -5.17039314516871e-10, 0, 5.73509039705904e-08
0.005, -0.54, -6.08785749076758e-10, 0, 6.40851158405479e-08
0.005, -0.51, -7.23500555564144e-10, 0, 7.20514208285719e-08
0.005, -0.48, -8.68839898328779e-10, 0, 8.15686257890682e-08
0.005, -0.45, -1.05573754371628e-09, 0, 9.30656595377122e-08
0.005, -0.42, -1.30016553538881e-09, 0, 1.07130568534374e-07
0.005, -0.39, -1.62606403718419e-09, 0, 1.24586959707832e-07
0.005, -0.36, -2.07039129490076e-09, 0, 1.46616973324114e-07
0.005, -0.33, -2.6921876104303e-09, 0, 1.74966197158567e-07
0.005, -0.3, -3.58962933097814e-09, 0, 2.12299393066298e-07
0.005, -0.27, -4.93395134352473e-09, 0, 2.62848550404723e-07
0.005, -0.24, -7.04157554020548e-09, 0, 3.33663655735972e-07
0.005, -0.21, -1.05405011969042e-08, 0, 4.3720286248054e-07
0.005, -0.18, -1.67954355296046e-08, 0, 5.97189761013168e-07
0.005, -0.15, -2.91476510718136e-08, 0, 8.63449850769144e-07
0.005, -0.12, -5.72403060431589e-08, 0, 1.3556873174455e-06
0.005, -0.09, -1.3656965987693e-07, 0, 2.42418219183835e-06
0.005, -0.06, -4.62607992106122e-07, 0, 5.48292342345165e-06
0.005, -0.03, -3.48726156986016e-06, 0, 2.13489640952035e-05
0.005, 0, -9.805129028379e-05, 0, 0.000479022539886315
0.005, 0.03, -1.91767858468197e-06, 0, 0.000745048655105302
0.005, 0.06, -5.37823724471077e-07, 0, 0.000756508270848137
0.005, 0.09, -5.77658307834064e-07, 0, 0.000759867182692367
0.005, 0.12, 2.50811517458974e-07, 0, 0.00076101167001312
0.005, 0.15, 3.36495134764237e-07, 0, 0.000760623761620742
0.005, 0.18, -4.31444434185173e-07, 0, 0.000760936432085262
0.005, 0.21, -2.435921533181e-07, 0, 0.000761902787545763
0.005, 0.24, 4.82509343572964e-07, 0, 0.000761679220506819
0.005, 0.27, 7.56505909803368e-08, 0, 0.00076103156426045
0.005, 0.3, -5.17653686337198e-07, 0, 0.00076162443534316
0.005, 0.33, 7.79299217795653e-08, 0, 0.000762205834187102
0.005, 0.36, 4.86896861502119e-07, 0, 0.000761517127826308
0.005, 0.39, -2.34811242892865e-07, 0, 0.00076121761454496
0.005, 0.42, -4.17508563456886e-07, 0, 0.000762050283336077
0.005, 0.45, 3.62837043192232e-07, 0, 0.000762129826147986
0.005, 0.48, 3.01160500750334e-07, 0, 0.000761304419581012
0.005, 0.51, -4.58659421463019e-07, 0, 0.000761509312155303
0.005, 0.54, -1.596404808268e-07, 0, 0.000762292729023006
0.005, 0.57, 5.07460598031144e-07, 0, 0.000761860288403298
0.005, 0.6, -4.27209585541134e-10, 0, 0.000761228210467096
0.005, 0.63, -5.08328062039277e-07, 0, 0.000761870592389108
0.005, 0.66, 1.58732893691583e-07, 0, 0.000762313653923399
0.005, 0.69, 4.57681525180182e-07, 0, 0.00076154151610582
0.005, 0.72, -3.02244578118671e-07, 0, 0.000761348954014467
0.005, 0.75, -3.64072326033061e-07, 0, 0.000762188223614059
0.005, 0.78, 4.16062881718203e-07, 0, 0.000762124695351951
0.005, 0.81, 2.33074125331868e-07, 0, 0.000761311024097529
0.005, 0.84, -4.8904059527534e-07, 0, 0.000761633679005026
0.005, 0.87, -8.06502008485086e-08, 0, 0.00076235135405714
0.005, 0.9, 5.14096019426274e-07, 0, 0.000761807285963609
0.005, 0.93, -8.04642957719245e-08, 0, 0.000761264090563117
0.005, 0.96, -4.89287157583151e-07, 0, 0.000761980337241792
0.005, 0.99, 2.33573621520218e-07, 0, 0.000762302899252858
0.005, 1.02, 4.15689851556925e-07, 0, 0.000761487557823465
0.005, 1.05, -3.63410297488789e-07, 0, 0.000761422613585494
0.005, 1.08, -3.02546957444496e-07, 0, 0.00076226004432084
0.005, 1.11, 4.58324299276422e-07, 0, 0.000762064531596862
0.005, 1.14, 1.58706315045756e-07, 0, 0.000761290126727866
0.005, 1.17, -5.07839019396902e-07, 0, 0.000761728629236345
0.005, 1.2, -3.1661170309981e-11, 0, 0.000762367703034765
0.005, 1.23, 5.07775384287126e-07, 0, 0.0007617293903285
0.005, 1.26, -1.58770895130803e-07, 0, 0.000761291656444705
0.005, 1.29, -4.58390476798606e-07, 0, 0.000762066845164483
0.005, 1.32, 3.02478495408652e-07, 0, 0.000762263164987051
0.005, 1.35, 3.63338813577748e-07, 0, 0.000761426573127468
0.005, 1.38, -4.15765162646319e-07, 0, 0.000761492397254765
0.005, 1.41, -2.33653653407155e-07, 0, 0.000762308669757617
0.005, 1.44, 4.89201398929455e-07, 0, 0.000761987101374356
0.005, 1.47, 8.03716631196414e-08, 0, 0.000761271923763978
0.005, 1.5, -5.14196849807052e-07, 0, 0.000761816278458344
