0.00025 0 -0.05
0.00025 5.9688862121726e-06 -0.0485
0.000249999999551968 2.45821964253829e-05 -0.0470000000000033
0.00024999999765958 5.73602476240078e-05 -0.0455000000000179
0.000249999993099802 0.000106057278478171 -0.0440000000000544
0.000249999984362667 0.00017270564880047 -0.0425000000001278
0.00024999996957257 0.000259670003864429 -0.0410000000002581
0.00024999994638468 0.000369714027022059 -0.0395000000004727
0.000249999911847428 0.00050608319686207 -0.0380000000008089
0.000249999862218408 0.000672608029002234 -0.0365000000013176
0.000249999792715645 0.000873833720973812 -0.0350000000020688
0.000249999697178241 0.00111518407851705 -0.0335000000031587
0.000249999567598626 0.00140317029333192 -0.0320000000047208
0.00024999939347071 0.00174565886923415 -0.0305000000069414
0.000249999160870882 0.00215221819606706 -0.0290000000100827
0.000249998851146227 0.00263457059179159 -0.0275000000145173
0.000249998439017278 0.0032071870171416 -0.0260000000207798
0.000249997889795299 0.00388807650469718 -0.024500000029646
0.000249997155239624 0.00469984368388546 -0.0230000000422563
0.000249996167292125 0.00567111863049418 -0.0215000000603095
0.000249994828441064 0.00683850797983463 -0.0200000000863746
0.000249992996637271 0.00824928097295959 -0.0185000001243983
0.000249990461243 0.00996509712249428 -0.0170000001805493
0.000249986903942772 0.0120672134339161 -0.0155000002646442
0.000249981833968064 0.0146637874231994 -0.0140000003926021
0.000249974478678938 0.0179001161069337 -0.0125000005907354
0.000249963595374982 0.0219728847679944 -0.0110000009033502
0.000249947142609669 0.0271496156860501 -0.00950000140631925
0.000249921700075642 0.0337941748421667 -0.00800000223129378
0.000249881442610551 0.0423977027527813 -0.00650000360822079
0.000249816346320476 0.0536104877862366 -0.00500000593710871
0.000249709151798492 0.0682629362501157 -0.00350000990002816
0.000249707810305012 0.068429216139315 -0.00348500995014114
0.000249706459804806 0.06859599420156 -0.00347001000059866
0.000249705100250124 0.0687632715595458 -0.00345501005140253
0.000249703731592985 0.0689310493364768 -0.00344001010255455
0.000249702353785175 0.0690993286560523 -0.00342501015405655
0.000249700966778244 0.0692681106424517 -0.00341001020591037
0.000249699570523512 0.0694373964203199 -0.00339501025811783
0.00024969816497206 0.0696071871147522 -0.00338001031068079
0.000249696750074734 0.0697774838512799 -0.0033650103636011
0.000249695325782144 0.0699482877558547 -0.00335001041688061
0.000249693892044662 0.070119599954834 -0.0033350104705212
0.00024969244881242 0.0702914215749657 -0.00332001052452473
0.00024969099603531 0.0704637537433733 -0.00330501057889309
0.000249689533662986 0.07063659758754 -0.00329001063362816
0.000249688061644858 0.0708099542352939 -0.00327501068873185
0.000249686579930095 0.0709838248147924 -0.00326001074420606
0.000249685088467621 0.0711582104545068 -0.00324501080005269
0.000249683587206119 0.0713331122832064 -0.00323001085627367
0.000249682076094025 0.0715085314299436 -0.00321501091287091
0.000249680555079528 0.0716844690240375 -0.00320001096984637
0.000249679024110573 0.0718609261950584 -0.00318501102720197
0.000249677483134854 0.072037904072812 -0.00317001108493966
0.00024967593209982 0.0722154037873238 -0.0031550111430614
0.000249674370952667 0.0723934264688223 -0.00314001120156915
0.000249672799640344 0.072571973247724 -0.00312501126046489
0.000249671218109545 0.0727510452546165 -0.00311001131975058
0.000249669626306716 0.0729306436202427 -0.00309501137942822
0.000249668024178047 0.0731107694754846 -0.0030800114394998
0.000249666411669474 0.0732914239513468 -0.00306501149996731
0.000249664788726679 0.0734726081789402 -0.00305001156083277
0.00024966315529509 0.0736543232894659 -0.0030350116220982
0.000249661511319874 0.0738365704141982 -0.0030200116837656
0.000249659856745945 0.0740193506844682 -0.00300501174583702
0.000249658191517956 0.0742026652316475 -0.00299001180831449
0.0002496565155803 0.0743865151871313 -0.00297501187120005
0.000249654828877113 0.0745709016823213 -0.00296001193449576
0.000249653131352266 0.0747558258486097 -0.00294501199820368
0.00024965142294937 0.0749412888173614 -0.00293001206232588
0.000249649703611774 0.075127291719898 -0.00291501212686442
0.000249647973282561 0.07531383568748 -0.0029000121918214
0.000249646231904551 0.0755009218512905 -0.0028850122571989
0.000249644479420296 0.0756885513424173 -0.00287001232299903
0.000249642715772085 0.0758767252918364 -0.00285501238922387
0.000249640940901936 0.0760654448303947 -0.00284001245587556
0.000249639154751602 0.0762547110887921 -0.0028250125229562
0.000249637357262564 0.0764445251975651 -0.00281001259046792
0.000249635548376034 0.0766348882870686 -0.00279501265841287
0.000249633728032953 0.0768258014874591 -0.00278001272679318
0.000249631896173991 0.0770172659286766 -0.002765012795611
0.000249630052739543 0.0772092827404274 -0.00275001286486849
0.000249628197669733 0.0774018530521667 -0.00273501293456781
0.000249626330904407 0.0775949779930805 -0.00272001300471114
0.00024962445238314 0.0777886586920679 -0.00270501307530065
0.000249622562045226 0.0779828962777237 -0.00269001314633854
0.000249620659829685 0.0781776918783204 -0.00267501321782699
0.000249618745675257 0.0783730466217903 -0.00266001328976822
0.000249616819520405 0.0785689616357074 -0.00264501336216442
0.000249614881303309 0.07876543804727 -0.00263001343501783
0.00024961293096187 0.078962476983282 -0.00261501350833065
0.000249610968433709 0.0791600795701354 -0.00260001358210513
0.00024960899365616 0.0793582469337917 -0.0025850136563435
0.000249607006566278 0.0795569801997644 -0.00257001373104802
0.000249605007100831 0.0797562804931 -0.00255501380622093
0.000249602995196302 0.0799561489383604 -0.00254001388186449
0.000249600970788888 0.0801565866596044 -0.00252501395798098
0.000249598933814499 0.080357594780369 -0.00251001403457268
0.000249596884208758 0.0805591744236519 -0.00249501411164186
0.000249594821906998 0.0807613267118921 -0.00248001418919082
0.000249592746844262 0.0809640527669521 -0.00246501426722186
0.000249590658955304 0.0811673537100991 -0.00245001434573729
0.000249588558174585 0.0813712306619866 -0.00243501442473942
0.000249586444436275 0.0815756847426359 -0.00242001450423056
0.000249584317674249 0.0817807170714171 -0.00240501458421305
0.000249582177822089 0.0819863287670309 -0.00239001466468923
0.000249580024813083 0.0821925209474896 -0.00237501474566144
0.000249577858580221 0.0823992947300984 -0.00236001482713203
0.000249575679056198 0.0826066512314371 -0.00234501490910335
0.000249573486173411 0.0828145915673405 -0.00233001499157778
0.000249571279863958 0.0830231168528802 -0.00231501507455769
0.000249569060059638 0.0832322282023455 -0.00230001515804545
0.000249566826691949 0.0834419267292245 -0.00228501524204345
0.00024956457969209 0.0836522135461853 -0.0022700153265541
0.000249562318990957 0.0838630897650568 -0.00225501541157978
0.000249560044519142 0.08407455649681 -0.00224001549712292
0.000249557756206934 0.0842866148515387 -0.00222501558318592
0.000249555453984319 0.0844992659384409 -0.00221001566977122
0.000249553137780977 0.084712510865799 -0.00219501575688124
0.000249550807526279 0.0849263507409616 -0.00218001584451841
0.000249548463149294 0.0851407866703234 -0.0021650159326852
0.000249546104578778 0.085355819759307 -0.00215001602138405
0.000249543731743181 0.085571451112343 -0.00213501611061741
0.000249541344570643 0.0857876818328514 -0.00212001620038777
0.000249538942988993 0.0860045130232217 -0.00210501629069758
0.00024953652692575 0.0862219457847943 -0.00209001638154934
0.000249534096308119 0.0864399812178409 -0.00207501647294554
0.000249531651062994 0.0866586204215453 -0.00206001656488866
0.000249529191116952 0.0868778644939842 -0.00204501665738121
0.000249526716396258 0.0870977145321076 -0.00203001675042571
0.000249524226826862 0.0873181716317199 -0.00201501684402467
0.000249521722334395 0.08753923688746 -0.00200001693818061
0.000249519202844172 0.0877609113927827 -0.00198501703289606
0.000249516668281192 0.0879831962399383 -0.00197001712817357
0.000249514118570132 0.0882060925199543 -0.00195501722401568
0.00024951155363535 0.0884296013226152 -0.00194001732042495
0.000249508973400886 0.0886537237364435 -0.00192501741740392
0.000249506377790456 0.08887846084868 -0.00191001751495518
0.000249503766727454 0.0891038137452646 -0.00189501761308128
0.000249501140134954 0.0893297835108169 -0.00188001771178482
0.000249498497935702 0.0895563712286163 -0.00186501781106838
0.000249495840052122 0.0897835779805832 -0.00185001791093455
0.000249493166406312 0.0900114048472589 -0.00183501801138594
0.000249490476920045 0.0902398529077867 -0.00182001811242515
0.000249487771514766 0.0904689232398919 -0.0018050182140548
0.000249485050111591 0.0906986169198628 -0.00179001831627751
0.000249482312631309 0.0909289350225309 -0.00177501841909591
0.000249479558994381 0.0911598786212515 -0.00176001852251264
0.000249476789120934 0.0913914487878843 -0.00174501862653033
0.000249474002930768 0.0916236465927738 -0.00173001873115163
0.000249471200343348 0.09185647310473 -0.00171501883637921
0.000249468381277809 0.0920899293910087 -0.00170001894221571
0.000249465545652951 0.0923240165172923 -0.00168501904866382
0.000249462693387242 0.09255873554767 -0.00167001915572621
0.000249459824398813 0.0927940875446186 -0.00165501926340555
0.00024945693860546 0.093030073568983 -0.00164001937170455
0.000249454035924644 0.0932666946799567 -0.00162501948062589
0.000249451116273487 0.0935039519350624 -0.00161001959017227
0.000249448179568774 0.0937418463901323 -0.0015950197003464
0.000249445225726951 0.0939803790992894 -0.00158001981115101
0.000249442254664126 0.0942195511149273 -0.0015650199225888
0.000249439266296065 0.0944593634876911 -0.00155002003466252
0.000249436260538194 0.0946998172664582 -0.00153502014737488
0.000249433237305597 0.0949409134983187 -0.00152002026072864
0.000249430196513016 0.0951826532285561 -0.00150502037472654
0.00024942713807485 0.0954250375006281 -0.00149002048937133
0.000249424061905154 0.095668067356147 -0.00147502060466578
0.000249420967917638 0.0959117438348608 -0.00146002072061265
0.000249417856025667 0.0961560679746333 -0.0014450208372147
0.000249414726142261 0.0964010408114256 -0.00143002095447473
0.000249411578180091 0.0966466633792763 -0.00141502107239551
0.000249408412051484 0.0968929367102825 -0.00140002119097984
0.000249405227668414 0.0971398618345804 -0.00138502131023052
0.000249402024942511 0.0973874397803265 -0.00137002143015034
0.000249398803785053 0.0976356715736782 -0.00135502155074211
0.000249395564106967 0.0978845582387745 -0.00134002167200866
0.000249392305818831 0.0981341007977174 -0.0013250217939528
0.000249389028830871 0.0983843002705524 -0.00131002191657736
0.00024938573305296 0.0986351576752495 -0.00129502203988517
0.000249382418394617 0.0988866740276846 -0.00128002216387908
0.00024937908476501 0.0991388503416199 -0.00126502228856192
0.00024937573207295 0.0993916876286854 -0.00125002241393656
0.000249372360226895 0.09964518689836 -0.00123502254000584
0.000249368969134945 0.0998993491579523 -0.00122002266677263
0.000249365558704847 0.100154175412582 -0.0012050227942398
0.000249362128843988 0.100409666665161 -0.00119002292241022
0.000249358679459399 0.100665823916374 -0.00117502305128677
0.000249355210457751 0.100922648164662 -0.00116002318087234
0.000249351721745357 0.1011801404062 -0.00114502331116982
0.000249348213228173 0.101438301634882 -0.0011300234421821
0.000249344684811789 0.101697132842301 -0.0011150235739121
0.00024934113640144 0.101956635017728 -0.00110002370636271
0.000249337567901995 0.102216809148096 -0.00108502383953685
0.000249333979217965 0.102477656217984 -0.00107002397343744
0.000249330370253494 0.102739177209593 -0.0010550241080674
0.000249326740912367 0.103001373102731 -0.00104002424342967
0.000249323091098001 0.103264244874793 -0.00102502437952718
0.000249319420713451 0.103527793500745 -0.00101002451636286
0.000249315729661406 0.103792019953103 -0.000995024653939676
0.00024931201784419 0.104056925201919 -0.000980024792260563
0.00024930828516376 0.104322510214755 -0.000965024931328483
0.000249304531521706 0.104588775956675 -0.000950025071146397
0.000249300756819251 0.104855723390219 -0.000935025211717272
0.00024929696095725 0.105123353475387 -0.000920025353044079
0.000249293143836189 0.105391667169624 -0.000905025495129794
0.000249289305356185 0.105660665427799 -0.0008900256379774
0.000249285445416985 0.105930349202187 -0.000875025781589883
0.000249281563917967 0.106200719442455 -0.000860025925970235
0.000249277660758135 0.106471777095638 -0.000845026071121452
0.000249273735836126 0.106743523106129 -0.000830026217046536
0.000249269789050202 0.107015958415652 -0.000815026363748493
0.000249265820298253 0.107289083963255 -0.000800026511230333
0.000249261829477797 0.107562900685284 -0.000785026659495072
0.000249257816485978 0.107837409515369 -0.000770026808545731
0.000249253781219566 0.108112611384407 -0.000755026958385335
0.000249249723574956 0.108388507220545 -0.000740027109016912
0.000249245643448169 0.10866509794916 -0.000725027260443498
0.000249241540734851 0.108942384492845 -0.00071002741266813
0.000249237415330269 0.109220367771389 -0.000695027565693852
0.000249233267129316 0.109499048701763 -0.000680027719523712
0.000249229096026509 0.1097784281981 -0.00066502787416076
0.000249224901915985 0.110058507171682 -0.000650028029608054
0.000249220684691504 0.110339286530919 -0.000635028185868654
0.000249216444246449 0.110620767181333 -0.000620028342945624
0.000249212180473821 0.110902950025544 -0.000605028500842034
0.000249207893266246 0.11118583596325 -0.000590028659560957
0.000249203582515967 0.111469425891215 -0.000575028819105469
0.000249199248114847 0.111753720703245 -0.000560028979478652
0.000249194889954371 0.11203872129018 -0.000545029140683592
0.000249190507925639 0.112324428539873 -0.000530029302723377
0.000249186101919374 0.112610843337173 -0.000515029465601101
0.000249181671825914 0.112897966563911 -0.00050002962931986
0.000249177217535214 0.113185799098884 -0.000485029793882756
0.000249172738936851 0.113474341817837 -0.000470029959292893
0.000249168235920013 0.11376359559345 -0.00045503012555338
0.000249163708373509 0.114053561295318 -0.000440030292667328
0.000249159156185761 0.114344239789939 -0.000425030460637853
0.00024915457924481 0.114635631940696 -0.000410030629468075
0.000249149977438309 0.114927738607843 -0.000395030799161117
0.000249145350653529 0.115220560648488 -0.000380030969720103
0.000249140698777353 0.115514098916579 -0.000365031141148166
0.00024913602169628 0.115808354262886 -0.000350031313448436
0.000249131319296423 0.116103327534989 -0.000335031486624052
0.000249126591463508 0.11639901957726 -0.000320031660678151
0.000249121838082874 0.11669543123085 -0.000305031835613879
0.000249117059039473 0.116992563333673 -0.00029003201143438
0.000249112254217871 0.117290416720391 -0.000275032188142804
0.000249107423502244 0.117588992222397 -0.000260032365742304
0.000249102566776382 0.117888290667806 -0.000245032544236034
0.000249097683923685 0.118188312881434 -0.000230032723627153
0.000249092774827167 0.118489059684786 -0.000215032903918823
0.00024908783936945 0.118790531896043 -0.000200033085114207
0.000249082877432769 0.119092730330046 -0.000185033267216473
0.000249077888898968 0.119395655798279 -0.00017003345022879
0.000249072873649503 0.11969930910886 -0.000155033634154331
0.000249067831565438 0.120003691066524 -0.000140033818996271
0.000249062762527449 0.120308802472609 -0.000125034004757788
0.000249057666415819 0.120614644125041 -0.000110034191442062
0.000249052543110442 0.120921216818322 -9.50343790522759e-05
0.000249047392490821 0.121228521343517 -8.0034567591615e-05
0.000249042214436067 0.121536558488236 -6.5034757063267e-05
0.0002490370088249 0.121845329036626 -5.0034947470422e-05
0.000249031775535648 0.122154833769352 -3.50351388162721e-05
0.000249026514446248 0.122465073463588 -2.0035331104012e-05
0.000249021225434243 0.122776048893002 -5.03552433683834e-06
0.000249015908376787 0.123087760827741 9.96428148205001e-06
0.000249010563150639 0.12340021003442 2.49640863494522e-05
0.000249005189632166 0.123713397276111 3.99638902621652e-05
0.000248999787697341 0.124027323312325 5.49636932169843e-05
0.000248994357221747 0.124341988899002 6.99634952107026e-05
0.000248988898080572 0.124657394788498 8.49632962401116e-05
0.00024898341014861 0.124973541729573 9.99630963020008e-05
0.000248977893300263 0.125290430467377 0.000114962895393158
0.000248972347409539 0.12560806174344 0.00012996269351037
0.000248966772350052 0.125926436295656 0.00014496249065042
0.000248961167995022 0.126245554858272 0.000159962286810093
0.000248955534217277 0.126565418161881 0.000174962081986169
0.000248949870889248 0.126886026933399 0.000189961876175428
0.000248944177882973 0.127207381896066 0.00020496166937465
0.000248938455070098 0.127529483769424 0.000219961461580612
0.00024893270232187 0.127852333269309 0.000234961252790089
0.000248926919509147 0.12817593110784 0.000249961042999856
0.000248921106502389 0.128500277993408 0.000264960832206688
0.000248915263171661 0.128825374630661 0.000279960620407357
0.000248909389386637 0.129151221720497 0.000294960407598634
0.000248903485016593 0.12947781996005 0.00030996019377729
0.00024889754993041 0.129805170042679 0.000324959978940095
0.000248891583996578 0.130133272657959 0.000339959763083818
0.000248885587083189 0.130462128491667 0.000354959546205226
0.00024887955905794 0.130791738225773 0.000369959328301087
0.000248873499788136 0.13112210253843 0.000384959109368168
0.000248867409140685 0.131453222103963 0.000399958889403234
0.000248861286982101 0.131785097592856 0.000414958668403051
0.000248855133178502 0.132117729671745 0.000429958446364384
0.000248848947595613 0.132451119003405 0.000444958223283997
0.000248842730098763 0.132785266246742 0.000459957999158654
0.000248836480552887 0.133120172056782 0.000474957773985119
0.000248830198822525 0.133455837084659 0.000489957547760156
0.000248823884771823 0.133792261977609 0.000504957320480528
0.000248817538264531 0.134129447378957 0.000519957092142997
0.000248811159164006 0.134467393928109 0.000534956862744328
0.000248804747333209 0.134806102260542 0.000549956632281283
0.000248798302634709 0.135145573007793 0.000564956400750625
0.000248791824930678 0.135485806797452 0.000579956168149117
0.000248785314082895 0.135826804253153 0.000594955934473523
0.000248778769952746 0.136168565994559 0.000609955699720606
0.000248772192401222 0.136511092637363 0.00062495546388713
0.00024876558128892 0.13685438479327 0.000639955226969859
0.000248758936476043 0.137198443069991 0.000654954988965559
0.000248752257822402 0.137543268071237 0.000669954749870993
0.000248745545187412 0.137888860396706 0.000684954509682928
0.000248738798430097 0.138235220642079 0.00069995426839813
0.000248732017409086 0.138582349399005 0.000714954026013365
0.000248725201982617 0.138930247255101 0.000729953782525402
0.000248718352008534 0.139278914793937 0.000744953537931008
0.000248711467344289 0.139628352595029 0.000759953292226953
0.00024870454784694 0.139978561233835 0.000774953045410006
0.000248697593373154 0.140329541281742 0.00078995279747694
0.000248690603779206 0.140681293306061 0.000804952548424526
0.000248683578920979 0.141033817870019 0.000819952298249537
0.000248676518653963 0.141387115532749 0.000834952046948748
0.00024866942283326 0.141741186849285 0.000849951794518934
0.000248662291313578 0.142096032370556 0.000864951540956872
0.000248655123949234 0.142451652643373 0.00087995128625934
0.000248647920594155 0.142808048210426 0.000894951030423118
0.000248640681101879 0.143165219610278 0.000909950773444987
0.000248633405325551 0.143523167377353 0.00092495051532173
0.000248626093117929 0.143881892041932 0.00093995025605013
0.000248618744331379 0.144241394130148 0.000954949995626974
0.00024861135881788 0.144601674163976 0.000969949734049049
0.000248603936429019 0.144962732661227 0.000984949471313145
0.000248596477015998 0.145324570135542 0.000999949207416052
0.000248588980429627 0.145687187096384 0.00101494894235456
0.00024858144652033 0.146050584049036 0.00102994867612548
0.000248573875138144 0.146414761494588 0.00104494840872559
0.000248566266132717 0.146779719929936 0.00105994814015169
0.000248558619353309 0.147145459847775 0.0010749478704006
0.000248550934648797 0.147511981736589 0.0010899475994691
0.000248543211867668 0.147879286080651 0.00110494732735402
0.000248535450858024 0.148247373360012 0.00111994705405214
0.000248527651467583 0.148616244050499 0.0011349467795603
0.000248519813543677 0.148985898623708 0.0011499465038753
0.000248511936933251 0.149356337546995 0.00116494622699395
0.000248504021482869 0.149727561283476 0.00117994594891307
0.000248496067038709 0.15009957029202 0.00119494566962949
0.000248488073446566 0.15047236502724 0.00120994538914003
0.000248480040551852 0.150845945939491 0.00122494510744152
0.000248471968199595 0.151220313474867 0.00123994482453078
0.000248463856234443 0.151595468075189 0.00125494454040464
0.00024845570450066 0.151971410178007 0.00126994425505995
0.000248447512842131 0.15234814021659 0.00128494396849354
0.000248439281102357 0.152725658619926 0.00129994368070226
0.000248431009124461 0.153103965812712 0.00131494339168294
0.000248422696751186 0.153483062215353 0.00132994310143244
0.000248414343824895 0.153862948243955 0.00134494280994761
0.00024840595018757 0.154243624310323 0.00135994251722529
0.000248397515680819 0.154625090821954 0.00137494222326236
0.000248389040145869 0.155007348182033 0.00138994192805567
0.000248380523423569 0.155390396789432 0.00140494163160209
0.000248371965354394 0.155774237038701 0.00141994133389849
0.00024836336577844 0.156158869320065 0.00143494103494173
0.000248354724535429 0.156544294019423 0.0014499407347287
0.000248346041464707 0.156930511518341 0.00146494043325628
0.000248337316405245 0.157317522194048 0.00147994013052134
0.000248328549195641 0.157705326419433 0.00149493982652079
0.000248319739674119 0.158093924563041 0.0015099395212515
0.00024831088767853 0.15848331698907 0.00152493921471038
0.000248301993046352 0.158873504057365 0.00153993890689433
0.000248293055614692 0.159264486123417 0.00155493859780025
0.000248284075220287 0.159656263538357 0.00156993828742505
0.000248275051699501 0.160048836648955 0.00158493797576565
0.000248265984888331 0.160442205797615 0.00159993766281896
0.000248256874622403 0.16083637132237 0.0016149373485819
0.000248247720736975 0.161231333556882 0.00162993703305141
0.000248238523066936 0.161627092830437 0.00164493671622441
0.00024822928144681 0.162023649467942 0.00165993639809783
0.000248219995710753 0.162421003789919 0.00167493607866863
0.000248210665692556 0.162819156112509 0.00168993575793374
0.000248201291225642 0.16321810674746 0.00170493543589012
0.000248191872143074 0.163617856002131 0.00171993511253472
0.000248182408277548 0.164018404179485 0.0017349347878645
0.000248172899461397 0.164419751578088 0.00174993446187642
0.000248163345526594 0.164821898492106 0.00176493413456747
0.000248153746304748 0.165224845211298 0.00177993380593461
0.000248144101627108 0.165628592021022 0.00179493347597482
0.000248134411324563 0.166033139202222 0.0018099331446851
0.000248124675227642 0.166438487031434 0.00182493281206243
0.000248114893166516 0.166844635780777 0.00183993247810381
0.000248105064970999 0.167251585717953 0.00185493214280624
0.000248095190470546 0.167659337106244 0.00186993180616674
0.000248085269494256 0.168067890204511 0.00188493146818231
0.000248075301870874 0.168477245267187 0.00189993112884998
0.00024806528742879 0.168887402544281 0.00191493078816677
0.000248055225996038 0.169298362281368 0.00192993044612971
0.000248045117400301 0.169710124719592 0.00194493010273585
0.00024803496146891 0.170122690095661 0.00195992975798221
0.000248024758028844 0.170536058641847 0.00197492941186586
0.00024801450690673 0.17095023058598 0.00198992906438385
0.000248004207928847 0.171365206151447 0.00200492871553324
0.000247993860921126 0.171780985557191 0.0020199283653111
0.000247983465709148 0.172197569017707 0.0020349280137145
0.000247973022118147 0.172614956743041 0.00204992766074052
0.000247962529973013 0.173033148938786 0.00206492730638626
0.000247951989098289 0.17345214580608 0.0020799269506488
0.000247941399318173 0.173871947541604 0.00209492659352524
0.000247930760456522 0.174292554337581 0.00210992623501269
0.000247920072336847 0.17471396638177 0.00212492587510827
0.00024790933478232 0.175136183857469 0.00213992551380909
0.000247898547615771 0.175559206943506 0.00215492515111229
0.000247887710659692 0.175983035814242 0.00216992478701499
0.000247876823736234 0.176407670639567 0.00218492442151434
0.000247865886667211 0.176833111584897 0.00219992405460748
0.000247854899274101 0.177259358811172 0.00221492368629157
0.000247843861378045 0.177686412474853 0.00222992331656377
0.000247832772799849 0.178114272727922 0.00224492294542126
0.000247821633359986 0.178542939717875 0.0022599225728612
0.000247810442878596 0.178972413587725 0.00227492219888079
0.000247799201175486 0.179402694475995 0.00228992182347721
0.000247787908070134 0.179833782516719 0.00230492144664767
0.000247776563381685 0.180265677839435 0.00231992106838937
0.00024776516692896 0.180698380569188 0.00233492068869952
0.000247753718530448 0.181131890826523 0.00234992030757534
0.000247742218004312 0.181566208727486 0.00236491992501408
0.000247730665168392 0.182001334383616 0.00237991954101295
0.000247719059840201 0.182437267901948 0.00239491915556922
0.000247707401836929 0.182874009385009 0.00240991876868013
0.000247695690975444 0.183311558930812 0.00242491838034294
0.000247683927072293 0.183749916632855 0.00243991799055493
0.000247672109943701 0.184189082580121 0.00245491759931337
0.000247660239405576 0.184629056857071 0.00246991720661555
0.000247648315273508 0.185069839543643 0.00248491681245876
0.000247636337362769 0.185511430715247 0.00249991641684031
0.000247624305488316 0.185953830442766 0.0025149160197575
0.000247612219464791 0.186397038792548 0.00252991562120766
0.000247600079106524 0.186841055826408 0.00254491522118811
0.000247587884227531 0.187285881601619 0.0025599148196962
0.000247575634641519 0.187731516170912 0.00257491441672926
0.000247563330161882 0.188177959582474 0.00258991401228465
0.00024755097060171 0.18862521187994 0.00260491360635974
0.000247538555773781 0.189073273102394 0.0026199131989519
0.000247526085490569 0.189522143284363 0.0026349127900585
0.000247513559564244 0.189971822455812 0.00264991237967694
0.000247500977806671 0.190422310642144 0.00266491196780462
0.000247488340029412 0.190873607864193 0.00267991155443895
0.000247475646043728 0.19132571413822 0.00269491113957734
0.000247462895660581 0.191778629475911 0.00270991072321722
0.000247450088690634 0.19223235388437 0.00272491030535604
0.000247437224944251 0.192686887366119 0.00273990988599123
0.000247424304231502 0.193142229919089 0.00275490946512024
0.00024741132636216 0.193598381536616 0.00276990904274056
0.000247398291145707 0.194055342207441 0.00278490861884964
0.000247385198391331 0.194513111915699 0.00279990819344499
0.000247372047907929 0.194971690640918 0.00281490776652408
0.000247358839504108 0.195431078358014 0.00282990733808443
0.000247345572988189 0.195891275037283 0.00284490690812355
0.000247332248168203 0.1963522806444 0.00285990647663896
0.000247318864851899 0.196814095140411 0.00287490604362821
0.000247305422846738 0.197276718481725 0.00288990560908883
0.000247291921959901 0.197740150620115 0.00290490517301838
0.000247278361998287 0.198204391502706 0.00291990473541442
0.000247264742768513 0.198669441071972 0.00293490429627454
0.000247251064076922 0.19913529926573 0.00294990385559632
0.000247237325729574 0.199601966017131 0.00296490341337735
0.000247223527532257 0.200069441254659 0.00297990296961525
0.000247209669290484 0.200537724902118 0.00299490252430764
0.000247195750809496 0.201006816878629 0.00300990207745214
0.00024718177189426 0.201476717098625 0.00302490162904639
0.000247167732349474 0.201947425471839 0.00303990117908804
0.00024715363197957 0.202418941903299 0.00305490072757476
0.00024713947058871 0.202891266293321 0.00306990027450423
0.000247125247980792 0.203364398537502 0.00308489981987412
0.000247110963959449 0.20383833852671 0.00309989936368213
0.000247096618328052 0.204313086147079 0.00311489890592597
0.000247082210889713 0.204788641279996 0.00312989844660336
0.000247067741447281 0.205265003802099 0.00314489798571203
0.00024705320980335 0.205742173585262 0.00315989752324972
0.000247038615760256 0.206220150496592 0.00317489705921419
0.000247023959120082 0.206698934398415 0.0031898965936032
0.000247009239684656 0.207178525148269 0.00320489612641452
0.000246994457255556 0.207658922598895 0.00321989565764595
0.000246979611634109 0.208140126598228 0.0032348951872953
0.000246964702621393 0.208622136989381 0.00324989471536036
0.000246949730018243 0.209104953610645 0.00326489424183897
0.000246934693625243 0.20958857629547 0.00327989376672897
0.00024691959324274 0.210073004872458 0.0032948932900282
0.000246904428670834 0.21055823916535 0.00330989281173454
0.000246889199709388 0.211044278993019 0.00332489233184585
0.000246873906158025 0.211531124169452 0.00333989185036002
0.000246858547816132 0.212018774503746 0.00335489136727495
0.000246843124482861 0.212507229800089 0.00336989088258856
0.00024682763595713 0.212996489857753 0.00338489039629878
0.000246812082037627 0.213486554471075 0.00339988990840353
0.000246796462522808 0.213977423429453 0.00341488941890079
0.000246780777210902 0.214469096517325 0.0034298889277885
0.000246765025899912 0.21496157351416 0.00344488843506465
0.000246749208387616 0.215454854194443 0.00345988794072723
0.000246733324471568 0.215948938327658 0.00347488744477425
0.000246717373949105 0.216443825678281 0.00348988694720372
0.000246701356617339 0.216939516005755 0.00350488644801368
0.00024668527227317 0.217436009064487 0.00351988594720218
0.000246669120713279 0.21793330460382 0.00353488544476727
0.000246652901734135 0.218431402368027 0.00354988494070703
0.000246636615131994 0.218930302096291 0.00356488443501955
0.000246620260702903 0.219430003522689 0.00357988392770293
0.000246603838242701 0.219930506376174 0.00359488341875529
0.00024658734754702 0.220431810380559 0.00360988290817475
0.000246570788411288 0.220933915254502 0.00362488239595947
0.000246554160630732 0.221436820711483 0.0036398818821076
0.000246537464000376 0.221940526459788 0.00365488136661732
0.000246520698315049 0.222445032202493 0.00366988084948681
0.000246503863369379 0.222950337637442 0.00368488033071428
0.000246486958957804 0.223456442457226 0.00369987981029795
0.000246469984874567 0.223963346349166 0.00371487928823606
0.00024645294091372 0.224471048995295 0.00372987876452684
0.000246435826869129 0.224979550072329 0.00374487823916857
0.000246418642534472 0.225488849251655 0.00375987771215953
0.000246401387703241 0.225998946199303 0.00377487718349801
0.000246384062168749 0.226509840575928 0.00378987665318232
0.000246366665724126 0.227021532036785 0.00380487612121079
0.000246349198162325 0.227534020231706 0.00381987558758176
0.000246331659276124 0.228047304805078 0.00383487505229359
0.000246314048858124 0.22856138539582 0.00384987451534466
0.000246296366700758 0.229076261637355 0.00386487397673335
0.000246278612596286 0.229591933157588 0.00387987343645806
0.000246260786336802 0.23010839957888 0.00389487289451724
0.000246242887714236 0.23062566051802 0.00390987235090931
0.000246224916520351 0.231143715586203 0.00392487180563273
0.000246206872546754 0.231662564389 0.00393987125868597
0.000246188755584891 0.23218220652633 0.00395487071006752
0.00024617056542605 0.232702641592432 0.0039698701597759
0.000246152301861367 0.233223869175841 0.00398486960780963
0.000246133964681826 0.233745888859351 0.00399986905416724
0.000246115553678261 0.234268700219993 0.0040148684988473
0.000246097068641359 0.234792302828999 0.00402986794184838
0.000246078509361662 0.235316696251774 0.00404486738316908
0.000246059875629568 0.235841880047865 0.00405986682280801
0.000246041167235339 0.236367853770927 0.0040748662607638
0.000246022383969094 0.236894616968691 0.00408986569703509
0.00024600352562082 0.237422169182931 0.00410486513162057
0.000245984591980371 0.23795050994943 0.0041198645645189
0.000245965582837468 0.238479638797944 0.0041348639957288
0.000245946497981707 0.239009555252172 0.00414986342524898
0.000245927337202556 0.239540258829711 0.0041648628530782
0.000245908100289362 0.240071749042028 0.00417986227921519
0.000245888787031349 0.240604025394419 0.00419486170365876
0.000245869397217625 0.241137087385969 0.00420986112640769
0.000245849930637183 0.24167093450952 0.00422486054746081
0.000245830387078901 0.242205566251622 0.00423985996681694
0.000245810766331548 0.242740982092502 0.00425485938447496
0.000245791068183785 0.243277181506018 0.00426985880043373
0.000245771292424169 0.243814163959619 0.00428485821469215
0.000245751438841153 0.244351928914302 0.00429985762724914
0.000245731507223092 0.244890475824568 0.00431485703810364
0.000245711497358242 0.245429804138382 0.00432985644725461
0.000245691409034768 0.245969913297123 0.00434485585470103
0.00024567124204074 0.246510802735543 0.00435985526044189
0.000245650996164141 0.247052471881716 0.00437485466447623
0.000245630671192869 0.247594920156996 0.00438985406680307
0.000245610266914737 0.248138146975964 0.00440485346742149
0.00024558978311748 0.248682151746384 0.00441985286633057
0.000245569219588753 0.249226933869148 0.00443485226352943
0.000245548576116138 0.24977249273823 0.00444985165901718
0.000245527852487145 0.250318827740631 0.00446485105279298
0.000245507048489217 0.250865938256329 0.00447985044485601
0.000245486163909729 0.251413823658223 0.00449484983520546
0.000245465198535996 0.251962483312083 0.00450984922384055
0.000245444152155269 0.252511916576488 0.00452484861076053
0.000245423024554747 0.253062122802776 0.00453984799596466
0.000245401815521574 0.253613101334985 0.00455484737945223
0.000245380524842842 0.254164851509791 0.00456984676122256
0.000245359152305597 0.254717372656454 0.00458484614127497
0.000245337697696842 0.255270664096756 0.00459984551960884
0.000245316160803535 0.255824725144937 0.00461484489622354
0.000245294541412602 0.256379555107635 0.00462984427111849
0.000245272839310929 0.256935153283824 0.00464484364429312
0.000245251054285375 0.257491518964746 0.00465984301574688
0.000245229186122767 0.258048651433846 0.00467484238547928
0.000245207234609911 0.258606549966709 0.0046898417534898
0.00024518519953359 0.259165213830986 0.00470484111977799
0.000245163080680568 0.259724642286329 0.00471984048434342
0.000245140877837596 0.26028483458432 0.00473483984718565
0.000245118590791414 0.260845789968399 0.00474983920830432
0.000245096219328754 0.261407507673792 0.00476483856769906
0.000245073763236343 0.261969986927434 0.00477983792536954
0.000245051222300909 0.262533226947899 0.00479483728131545
0.000245028596309182 0.263097226945319 0.00480983663553651
0.000245005885047898 0.26366198612131 0.00482483598803247
0.000244983088303806 0.264227503668889 0.00483983533880311
0.000244960205863665 0.264793778772396 0.00485483468784823
0.000244937237514255 0.265360810607414 0.00486983403516767
0.000244914183042376 0.26592859834068 0.00488483338076128
0.000244891042234852 0.266497141130007 0.00489983272462897
0.000244867814878539 0.267066438124195 0.00491483206677064
0.000244844500760323 0.267636488462945 0.00492983140718625
0.000244821099667128 0.268207291276767 0.00494483074587578
0.000244797611385918 0.268778845686894 0.00495983008283923
0.000244774035703703 0.269351150805187 0.00497482941807665
0.00024475037240754 0.269924205734046 0.00498982875158811
0.000244726621284539 0.270498009566309 0.0050048280833737
0.000244702782121869 0.271072561385162 0.00501982741343357
0.000244678854706756 0.271647860264037 0.00503482674176788
0.000244654838826494 0.272223905266513 0.00504982606837681
0.000244630734268445 0.272800695446217 0.00506482539326061
0.000244606540820046 0.273378229846719 0.00507982471641953
0.000244582258268809 0.273956507501428 0.00509482403785387
0.000244557886402331 0.274535527433489 0.00510982335756395
0.000244533425008294 0.275115288655668 0.00512482267555014
0.000244508873874472 0.27569579017025 0.00513982199181282
0.000244484232788732 0.276277030968924 0.00515482130635244
0.000244459501539045 0.276859010032668 0.00516982061916945
0.000244434679913482 0.277441726331639 0.00518481993026435
0.000244409767700227 0.278025178825051 0.00519981923963768
0.000244384764687575 0.278609366461058 0.00521481854729
0.000244359670663942 0.279194288176637 0.00522981785322193
0.000244334485417864 0.27977994289746 0.00524481715743411
0.000244309208738008 0.280366329537769 0.00525981645992721
0.000244283840413173 0.280953447000257 0.00527481576070196
0.000244258380232295 0.281541294175931 0.0052898150597591
0.000244232827984454 0.282129869943986 0.00530481435709944
0.000244207183458876 0.28271917317167 0.0053198136527238
0.000244181446444942 0.28330920271415 0.00533481294663305
0.000244155616732191 0.283899957414378 0.00534981223882811
0.000244129694110322 0.284491436102944 0.00536481152930992
0.000244103678369206 0.285083637597943 0.00537981081807947
0.000244077569298887 0.285676560704829 0.0053948101051378
0.000244051366689585 0.286270204216264 0.00540980939048597
0.000244025070331709 0.286864566911977 0.0054248086741251
0.000243998680015855 0.28745964755861 0.00543980795605634
0.000243972195532814 0.288055444909563 0.0054548072362809
0.000243945616673581 0.288651957704846 0.00546980651480001
0.000243918943229354 0.289249184670911 0.00548480579161495
0.000243892174991547 0.289847124520501 0.00549980506672706
0.000243865311751788 0.290445775952481 0.00551480434013771
0.000243838353301933 0.291045137651678 0.00552980361184831
0.000243811299434066 0.291645208288708 0.00554480288186034
0.000243784149940507 0.292245986519807 0.00555980215017529
0.000243756904613817 0.292847470986663 0.00557480141679472
0.000243729563246807 0.293449660316232 0.00558980068172024
0.00024370212563254 0.294052553120564 0.00560479994495349
0.000243674591564342 0.294656147996624 0.00561979920649618
0.000243646960835803 0.2952604435261 0.00563479846635004
0.000243619233240789 0.295865438275226 0.00564979772451689
0.000243591408573442 0.296471130794584 0.00566479698099855
0.000243563486628194 0.297077519618915 0.00567979623579694
0.000243535467199766 0.297684603266923 0.00569479548891399
0.000243507350083182 0.298292380241076 0.0057097947403517
0.000243479135073769 0.298900849027402 0.00572479399011213
0.000243450821967169 0.299510008095288 0.00573979323819737
0.000243422410559345 0.300119855897269 0.0057547924846096
0.000243393900646583 0.300730390868819 0.005769791729351
0.000243365292025506 0.301341611428133 0.00578479097242386
0.000243336584493079 0.301953515975913 0.0057997902138305
0.000243307777846613 0.302566102895145 0.00581478945357328
0.000243278871883776 0.303179370550873 0.00582978869165464
0.0002432498664026 0.303793317289977 0.00584478792807707
0.000243220761201485 0.304407941440933 0.00585978716284313
0.000243191556079213 0.305023241313586 0.00587478639595541
0.000243162250834949 0.305639215198908 0.00588978562741659
0.000243132845268254 0.306255861368756 0.00590478485722939
0.000243103339179088 0.306873178075626 0.00591978408539659
0.000243073732367825 0.307491163552407 0.00593478331192105
0.000243044024635252 0.308109816012122 0.00594978253680568
0.000243014215782585 0.308729133647679 0.00596478176005345
0.000242984305611472 0.309349114631601 0.0059797809816674
0.000242954293924006 0.309969757115771 0.00599478020165062
0.000242924180522728 0.310591059231155 0.0060097794200063
0.000242893965210641 0.311213019087535 0.00602477863673765
0.000242863647791216 0.31183563477323 0.00603977785184798
0.000242833228068398 0.312458904354816 0.00605477706534066
0.000242802705846622 0.31308282587684 0.00606977627721913
0.000242772080930815 0.313707397361532 0.00608477548748688
0.000242741353126409 0.314332616808512 0.0060997746961475
0.000242710522239348 0.314958482194492 0.00611477390320463
0.000242679588076101 0.315584991472971 0.006129773108662
0.000242648550443666 0.316212142573934 0.00614477231252338
0.000242617409149584 0.316839933403535 0.00615977151479266
0.000242586164001946 0.317468361843787 0.00617477071547376
0.000242554814809405 0.318097425752236 0.0061897699145707
0.000242523361381184 0.318727122961642 0.00620476911208758
0.000242491803527087 0.319357451279646 0.00621976830802856
0.00024246014105751 0.319988408488434 0.00623476750239789
0.000242428373783448 0.320619992344403 0.0062497666951999
0.000242396501516509 0.321252200577811 0.00626476588643899
0.000242364524068924 0.321885030892435 0.00627976507611965
0.000242332441253554 0.322518480965208 0.00629476426424646
0.000242300252883907 0.323152548445868 0.00630976345082406
0.000242267958774143 0.323787230956589 0.0063247626358572
0.000242235558739088 0.324422526091611 0.00633976181935069
0.000242203052594245 0.32505843141687 0.00635476100130945
0.000242170440155807 0.325694944469614 0.00636976018173847
0.000242137721240663 0.326332062758018 0.00638475936064284
0.000242104895666416 0.326969783760793 0.00639975853802774
0.00024207196325139 0.327608104926792 0.00641475771389843
0.000242038923814646 0.328247023674604 0.00642975688826026
0.00024200577717599 0.32888653739215 0.0064447560611187
0.000241972523155988 0.329526643436268 0.00645975523247928
0.000241939161575978 0.330167339132296 0.00647475440234764
0.00024190569225808 0.330808621773642 0.00648975357072953
0.000241872115025213 0.33145048862136 0.00650475273763077
0.000241838429701105 0.332092936903709 0.0065197519030573
0.000241804636110305 0.332735963815711 0.00653475106701515
0.000241770734078198 0.333379566518706 0.00654975022951046
0.000241736723431021 0.334023742139891 0.00656474939054947
0.000241702603995869 0.334668487771863 0.00657974855013851
0.000241668375600715 0.335313800472153 0.00659474770828404
0.000241634038074423 0.33595967726275 0.0066097468649926
0.000241599591246759 0.33660611512962 0.00662474602027087
0.000241565034948407 0.337253111022226 0.0066397451741256
0.000241530369010985 0.337900661853026 0.00665474432656368
0.000241495593267057 0.338548764496985 0.0066697434775921
0.000241460707550148 0.339197415791058 0.00668474262721796
0.00024142571169476 0.339846612533686 0.00669974177544849
0.000241390605536387 0.340496351484274 0.00671474092229103
0.000241355388911527 0.341146629362664 0.00672974006775302
0.000241320061657704 0.341797442848605 0.00674473921184203
0.000241284623613476 0.342448788581211 0.00675973835456577
0.000241249074618459 0.343100663158417 0.00677473749593204
0.000241213414513334 0.343753063136424 0.00678973663594879
0.00024117764313987 0.344405985029141 0.00680473577462407
0.000241141760340938 0.345059425307614 0.00681973491196607
0.000241105765960528 0.345713380399457 0.00683473404798311
0.000241069659843765 0.346367846688265 0.00684973318268363
0.000241033441836927 0.347022820513031 0.00686473231607621
0.000240997111787461 0.347678298167543 0.00687973144816957
0.000240960669544002 0.348334275899789 0.00689473057897253
0.00024092411495639 0.348990749911342 0.00690972970849409
0.000240887447875688 0.349647716356743 0.00692472883674335
0.000240850668154197 0.350305171342875 0.00693972796372957
0.000240813775645481 0.350963110928335 0.00695472708946215
0.000240776770204379 0.351621531122788 0.00696972621395062
0.000240739651687027 0.352280427886326 0.00698472533720466
0.000240702419950877 0.352939797128809 0.0069997244592341
0.000240665074854712 0.353599634709205 0.00701472358004891
0.000240627616258674 0.35425993643492 0.00702972269965922
0.000240590044024274 0.354920698061121 0.0070447218180753
0.000240552358014419 0.355581915290052 0.00705972093530757
0.000240514558093427 0.356243583770342 0.00707472005136662
0.000240476644127052 0.356905699096304 0.00708971916626317
0.000240438615982501 0.357568256807229 0.00710471828000814
0.000240400473528456 0.358231252386674 0.00711971739261255
0.000240362216635096 0.358894681261734 0.00713471650408764
0.000240323845174115 0.359558538802321 0.00714971561444477
0.000240285359018749 0.360222820320418 0.0071647147236955
0.000240246758043792 0.360887521069343 0.00717971383185153
0.000240208042125624 0.36155263624299 0.00719471293892473
0.000240169211142225 0.362218160975077 0.00720971204492717
0.000240130264973208 0.362884090338375 0.00722471114987105
0.000240091203499833 0.363550419343935 0.00723971025376877
0.000240052026605032 0.364217142940308 0.00725470935663291
0.000240012734173438 0.364884256012759 0.00726970845847622
0.000239973326091401 0.365551753382468 0.00728470755931161
0.000239933802247015 0.36621962980573 0.00729970665915222
0.000239894162530143 0.366887879973148 0.00731470575801132
0.00023985440683244 0.367556498508812 0.00732970485590241
0.000239814535047377 0.368225479969482 0.00734470395283915
0.000239774547070268 0.368894818843756 0.0073597030488354
0.000239734442798294 0.369564509551234 0.00737470214390521
0.000239694222130526 0.370234546441677 0.00738970123806282
0.000239653884967956 0.370904923794156 0.00740470033132268
0.000239613431213517 0.371575635816203 0.00741969942369942
0.000239572860772113 0.372246676642941 0.00743469851520788
0.000239532173550645 0.372918040336228 0.00744969760586309
0.000239491369458036 0.373589720883777 0.0074646966956803
0.00023945044840526 0.37426171219828 0.00747969578467494
0.000239409410305366 0.374934008116528 0.00749469487286269
0.000239368255073511 0.375606602398519 0.00750969396025939
0.000239326982626983 0.376279488726565 0.00752469304688113
0.000239285592885229 0.376952660704396 0.00753969213274419
0.000239244085769887 0.377626111856256 0.00755469121786507
0.000239202461204812 0.378299835625998 0.00756969030226049
0.000239160719116104 0.378973825376169 0.00758468938594739
0.00023911885943214 0.379648074387103 0.00759968846894293
0.000239076882083601 0.380322575855993 0.00761468755126449
0.000239034787003501 0.380997322895979 0.00762968663292968
0.000238992574127221 0.381672308535219 0.00764468571395632
0.000238950243392534 0.382347525715965 0.00765968479436249
0.000238907794739639 0.383022967293632 0.00767468387416646
0.00023886522811119 0.383698626035869 0.00768968295338677
0.000238822543452326 0.384374494621625 0.00770468203204217
0.000238779740710705 0.385050565640222 0.00771968111015166
0.000238736819836534 0.385726831590411 0.00773468018773445
0.0002386937807826 0.386403284879448 0.00774967926481003
0.000238650623504302 0.387079917822155 0.00776467834139809
0.000238607347959684 0.387756722639987 0.0077796774175186
0.000238563954109467 0.388433691460101 0.00779467649319175
0.00023852044191708 0.389110816314425 0.00780967556843797
0.000238476811348698 0.38978808913873 0.00782467464327796
0.000238433062373267 0.390465501771705 0.00783967371773266
0.000238389194962544 0.391143045954031 0.00785467279182324
0.000238345209091128 0.391820713327467 0.00786967186557116
0.000238301104736494 0.392498495433933 0.0078846709389981
0.000238256881879025 0.393176383714598 0.00789967001212601
0.00023821254050205 0.393854369508982 0.00791466908497709
0.000238168080591876 0.394532444054054 0.00792966815757381
0.00023812350213782 0.395210598483341 0.00794466722993887
0.000238078805132249 0.395888823826049 0.00795966630209526
0.00023803398957061 0.396567111006183 0.00797466537406621
0.00023798905545147 0.397245450841684 0.00798966444587522
0.000237944002776546 0.397923834043575 0.00800466351754605
0.000237898831550741 0.398602251215112 0.00801966258910274
0.000237853541782185 0.399280692850951 0.00803466166056956
0.000237808133482262 0.39995914933633 0.00804966073197107
0.000237762606665655 0.400637610946256 0.0080646598033321
0.000237716961350373 0.401316067844717 0.00807965887467772
0.000237671197557792 0.401994510083893 0.00809465794603329
0.000237625315312691 0.402672927603405 0.00810965701742443
0.000237579314643287 0.403351310229558 0.00812465608887704
0.000237533195581269 0.404029647674618 0.00813965516041725
0.000237486958161839 0.404707929536101 0.0081546542320715
0.000237440602423744 0.405386145296085 0.00816965330386648
0.000237394128409314 0.406064284320536 0.00818465237582914
0.000237347536164498 0.406742335858668 0.00819965144798673
0.000237300825738903 0.407420289042315 0.00821465052036672
0.000237253997185824 0.408098132885335 0.00822964959299689
0.000237207050562286 0.408775856283032 0.00824464866590526
0.00023715998592908 0.409453448011615 0.00825964773912013
0.000237112803350794 0.410130896727674 0.00827464681267006
0.000237065502895856 0.410808190967693 0.00828964588658387
0.000237018084636565 0.411485319147588 0.00830464496089066
0.000236970548649129 0.412162269562284 0.00831964403561978
0.0002369228950137 0.412839030385315 0.00833464311080084
0.000236875123814412 0.413515589668468 0.00834964218646371
0.000236827235139412 0.414191935341455 0.00836464126263853
0.0002367792290809 0.414868055211628 0.00837964033935568
0.000236731105735162 0.415543936963729 0.00839463941664582
0.000236682865202605 0.416219568159681 0.00840963849453982
0.000236634507587791 0.416894936238422 0.00842463757306885
0.000236586032999474 0.417570028515777 0.0084396366522643
0.000236537441550631 0.418244832184379 0.00845463573215781
0.000236488733358498 0.418919334313635 0.00846963481278127
0.000236439908544602 0.419593521849738 0.00848463389416679
0.000236390967234798 0.420267381615726 0.00849963297634675
0.000236341909559294 0.420940900311598 0.00851463205935374
0.000236292735652694 0.421614064514472 0.00852963114322059
0.000236243445654019 0.422286860678807 0.00854463022798035
0.000236194039706747 0.422959275136672 0.00855962931366631
0.000236144517958841 0.423631294098072 0.00857462840031197
0.000236094880562778 0.42430290365134 0.00858962748795103
0.000236045127675581 0.424974089763579 0.00860462657661742
0.00023599525945885 0.425644838281169 0.00861962566634528
0.000235945276078787 0.42631513493034 0.00863462475716894
0.000235895177706227 0.426984965317803 0.00864962384912293
0.000235844964516664 0.427654314931452 0.00866462294224197
0.000235794636690282 0.428323169141131 0.00867962203656097
0.000235744194411974 0.428991513199471 0.00869462113211501
0.000235693637871376 0.429659332242798 0.00870962022893937
0.000235642967262886 0.430326611292108 0.00872461932706947
0.00023559218278569 0.430993335254127 0.00873961842654091
0.000235541284643785 0.431659488922429 0.00875461752738943
0.000235490273046 0.432325056978648 0.00876961662965094
0.000235439148206022 0.432990023993755 0.00878461573336147
0.00023538791034241 0.43365437442942 0.00879961483855721
0.000235336559678622 0.434318092639455 0.00881461394527445
0.000235285096443026 0.434981162871332 0.00882961305354961
0.000235233520868924 0.435643569267794 0.00884461216341923
0.000235181833194564 0.436305295868543 0.00885961127491994
0.000235130033663159 0.436966326612015 0.00887461038808848
0.000235078122522899 0.437626645337243 0.00888960950296167
0.000235026100026967 0.438286235785807 0.00890460861957639
0.000234973966433548 0.438945081603871 0.00891960773796962
0.00023492172200584 0.439603166344313 0.00893460685817837
0.000234869367012067 0.440260473468939 0.00894960598023972
0.000234816901725485 0.440916986350796 0.00896460510419077
0.000234764326424388 0.441572688276572 0.00897960423006868
0.000234711641392117 0.442227562449087 0.00899460335791059
0.000234658846917061 0.442881591989883 0.00900960248775368
0.000234605943292664 0.443534759941903 0.00902460161963512
0.000234552930817421 0.444187049272264 0.00903960075359206
0.000234499809794883 0.444838442875126 0.00905459988966162
0.000234446580533653 0.445488923574654 0.00906959902788091
0.000234393243347387 0.446138474128073 0.00908459816828698
0.000234339798554782 0.446787077228826 0.00909959731091681
0.000234286246479578 0.44743471550981 0.00911459645580732
0.000234232587450546 0.448081371546725 0.00912959560299535
0.000234178821801479 0.448727027861498 0.00914459475251764
0.000234124949871184 0.449371666925819 0.00915959390441083
0.000234070972003465 0.450015271164753 0.00917459305871143
0.000234016888547111 0.450657822960453 0.00918959221545583
0.000233962699855884 0.451299304655964 0.00920459137468026
0.000233908406288492 0.451939698559111 0.0092195905364208
0.000233854008208578 0.452578986946485 0.00923458970071336
0.000233799505984696 0.453217152067506 0.00924958886759367
0.000233744899990286 0.453854176148582 0.00926458803709723
0.000233690190603651 0.454490041397347 0.00927958720925938
0.000233635378207929 0.455124730006982 0.00929458638411519
0.000233580463191069 0.455758224160621 0.00930958556169951
0.000233525445945791 0.456390506035835 0.00932458474204693
0.000233470326869565 0.457021557809188 0.00933958392519179
0.000233415106364568 0.457651361660875 0.00935458311116814
0.000233359784837651 0.458279899779431 0.00936958230000971
0.000233304362700303 0.458907154366505 0.00938458149174996
0.000233248840368607 0.459533107641709 0.00939958068642201
0.000233193218263203 0.460157741847524 0.00941457988405865
0.00023313749680924 0.460781039254273 0.00942957908469232
0.000233081676436331 0.46140298216515 0.00944457828835507
0.000233025757578507 0.462023552921304 0.00945957749507862
0.000232969740674169 0.462642733906978 0.00947457670489425
0.00023291362616603 0.463260507554689 0.00948957591783288
0.000232857414501072 0.463876856350461 0.00950457513392497
0.00023280110613048 0.464491762839097 0.00951957435320058
0.000232744701509592 0.46510520962948 0.00953457357568931
0.00023268820109784 0.465717179399918 0.0095495728014203
0.000232631605358685 0.466327654903512 0.00956457203042222
0.000232574914759557 0.466936618973551 0.00957957126272325
0.000232518129771793 0.467544054528921 0.00959457049835109
0.000232461250870567 0.46814994457954 0.0096095697373329
0.000232404278534824 0.468754272231799 0.00962456897969536
0.00023234721324721 0.469357020694003 0.00963956822546458
0.000232290055494001 0.469958173281829 0.00965456747466613
0.00023223280576503 0.470557713423768 0.00966956672732502
0.000232175464553613 0.471155624666564 0.00968456598346572
0.000232118032356473 0.471751890680645 0.00969956524311207
0.000232060509673658 0.472346495265525 0.00971456450628737
0.00023200289700847 0.472939422355198 0.00972956377301427
0.000231945194867377 0.473530656023492 0.00974456304331485
0.000231887403759932 0.474120180489398 0.00975956231721054
0.000231829524198694 0.474707980122357 0.00977456159472215
0.000231771556699139 0.47529403944751 0.00978956087586985
0.000231713501779573 0.475878343150893 0.00980456016067315
0.000231655359961049 0.476460876084584 0.00981955944915092
0.000231597131767273 0.47704162327179 0.00983455874132135
0.000231538817724517 0.477620569911876 0.00984955803720196
0.000231480418361531 0.478197701385316 0.0098645573368096
0.000231421934209443 0.478773003258583 0.00987955664016043
0.000231363365801676 0.479346461288954 0.00989455594726989
0.000231304713673846 0.479918061429233 0.00990955525815275
0.000231245978363671 0.480487789832391 0.00992455457282308
0.000231187160410876 0.481055632856112 0.00993955389129421
0.000231128260357093 0.48162157706724 0.00995455321357879
0.000231069278745771 0.48218560924613 0.00996955253968872
0.000231010216122071 0.482747716390891 0.00998455186963521
0.000230951073032771 0.483307885721522 0.00999955120342871
0.00023089185002617 0.483866104683931 0.010014550541079
0.000230832547651985 0.484422360953843 0.010029549882595
0.000230773166461253 0.484976642440578 0.0100445492279851
0.000230713707006233 0.485528937290717 0.0100595485772568
0.000230654169840304 0.486079233891626 0.0100745479304169
0.000230594555517865 0.486627520874859 0.0100895472874715
0.000230534864594237 0.487173787119421 0.0101045466484259
0.000230475097625561 0.487718021754897 0.0101195460132848
0.000230415255168699 0.488260214164439 0.0101345453820521
0.000230355337781134 0.48880035398761 0.0101495447547308
0.000230295346020868 0.489338431123081 0.0101645441313235
0.000230235280446328 0.489874435731187 0.0101795435118318
0.00023017514161626 0.490408358236329 0.0101945428962568
0.000230114930089635 0.490940189329219 0.0102095422845986
0.000230054646425548 0.491469919968988 0.0102245416768568
0.000229994291183122 0.491997541385122 0.0102395410730304
0.000229933864921412 0.492523045079259 0.0102545404731173
0.000229873368199302 0.493046422826813 0.0102695398771151
0.000229812801575416 0.49356766667846 0.0102845392850206
0.00022975216560802 0.494086768961446 0.0102995386968297
0.000229691460854928 0.494603722280756 0.0103145381125378
0.000229630687873406 0.495118519520112 0.0103295375321397
0.000229569847220084 0.495631153842821 0.0103445369556295
0.000229508939450861 0.496141618692458 0.0103595363830004
0.000229447965120814 0.496649907793399 0.0103745358142452
0.000229386924784111 0.497156015151195 0.0103895352493561
0.00022932581899392 0.497659935052787 0.0104045346883245
0.000229264648302324 0.498161662066575 0.0104195341311412
0.000229203413260233 0.498661191042325 0.0104345335777964
0.000229142114417301 0.499158517110928 0.0104495330282799
0.000229080752321839 0.499653635684011 0.0104645324825806
0.000229019327520738 0.500146542453398 0.0104795319406869
0.000228957840559384 0.500637233390422 0.0104945314025867
0.000228896291981581 0.501125704745099 0.0105095308682675
0.00022883468232947 0.501611953045155 0.0105245303377158
0.000228773012143458 0.502095975094917 0.010539529810918
0.000228711281962137 0.502577767974062 0.0105545292878597
0.000228649492322214 0.503057329036243 0.0105695287685261
0.00022858764375844 0.503534655907569 0.0105845282529019
0.000228525736803536 0.504009746484971 0.0105995277409713
0.000228463771988128 0.504482598934432 0.0106145272327179
0.000228401749840678 0.504953211689104 0.0106295267281251
0.00022833967088742 0.505421583447297 0.0106445262271755
0.000228277535652294 0.505887713170363 0.0106595257298516
0.000228215344656888 0.506351600080461 0.0106745252361352
0.000228153098420373 0.506813243658216 0.0106895247460078
0.000228090797459446 0.507272643640275 0.0107045242594505
0.000228028442288278 0.507729800016762 0.010719523776444
0.000227966033418449 0.508184713028629 0.0107345232969686
0.000227903571358903 0.508637383164928 0.0107495228210042
0.000227841056615894 0.509087811159978 0.0107645223485304
0.000227778489692934 0.509535997990459 0.0107795218795266
0.000227715871090746 0.509981944872414 0.0107945214139715
0.000227653201307219 0.510425653258182 0.0108095209518438
0.000227590480837359 0.510867124833248 0.0108245204931218
0.000227527710173251 0.511306361513033 0.0108395200377835
0.000227464889804016 0.511743365439611 0.0108545195858067
0.000227402020215767 0.512178138978363 0.0108695191371687
0.000227339101891579 0.512610684714579 0.0108845186918469
0.000227276135311444 0.51304100545 0.0108995182498181
0.000227213120952245 0.513469104199308 0.0109145178110592
0.000227150059287716 0.51389498418658 0.0109295173755467
0.000227086950788414 0.514318648841682 0.0109445169432568
0.000227023795921689 0.514740101796637 0.0109595165141657
0.000226960595151656 0.515159346881955 0.0109745160882494
0.000226897348939168 0.515576388122924 0.0109895156654836
0.000226834057741791 0.515991229735881 0.011004515245844
0.000226770722013782 0.516403876124452 0.011019514829306
0.000226707342206066 0.516814331875777 0.011034514415845
0.000226643918766215 0.517222601756705 0.0110495140054362
0.00022658045213843 0.51762869070999 0.0110645135980547
0.000226516942763526 0.518032603850459 0.0110795131936754
0.000226453391078912 0.518434346461188 0.0110945127922734
0.00022638979751858 0.518833923989657 0.0111095123938234
0.000226326162513089 0.519231342043913 0.0111245119983002
0.000226262486489555 0.519626606388731 0.0111395116056784
0.000226198769871641 0.520019722941773 0.0111545112159328
0.000226135013079548 0.520410697769764 0.0111695108290378
0.000226071216530005 0.520799537084668 0.0111845104449681
0.000226007380636266 0.521186247239873 0.0111995100636982
0.000225943505808101 0.521570834726402 0.0112145096852025
0.000225879592451796 0.521953306169129 0.0112295093094557
0.000225815640970147 0.522333668323017 0.0112445089364321
0.000225751651762459 0.522711928069378 0.0112595085661064
0.000225687625224547 0.523088092412156 0.0112745081984531
0.000225623561748735 0.52346216847423 0.0112895078334467
0.000225559461723857 0.523834163493755 0.0113045074710618
0.000225495325535262 0.524204084820515 0.011319507111273
0.000225431153564816 0.524571939912326 0.011334506754055
0.000225366946190906 0.524937736331452 0.0113495063993826
0.000225302703788448 0.525301481741072 0.0113645060472305
0.00022523842672889 0.525663183901768 0.0113795056975736
0.000225174115380224 0.526022850668062 0.0113945053503868
0.000225109770106989 0.526380489984981 0.0114095050056451
0.000225045391270286 0.526736109884666 0.0114245046633236
0.000224980979227783 0.527089718483024 0.0114395043233975
0.000224916534333726 0.527441323976416 0.011454503985842
0.000224852056938955 0.527790934638393 0.0114695036506327
0.000224787547390913 0.528138558816472 0.0114845033177448
0.000224723006033656 0.528484204928956 0.011499502987154
0.000224658433207875 0.528827881461806 0.0115145026588361
0.0002245938292509 0.529169596965549 0.0115295023327669
0.000224529194496724 0.529509360052242 0.0115445020089223
0.000224464529276013 0.529847179392478 0.0115595016872783
0.000224399833916123 0.530183063712439 0.0115745013678113
0.00022433510874112 0.530517021791003 0.0115895010504976
0.000224270354071791 0.530849062456896 0.0116045007353137
0.000224205570225667 0.53117919458589 0.0116195004222361
0.000224140757517042 0.53150742709806 0.0116345001112417
0.000224075916256985 0.531833768955078 0.0116494998023075
0.000224011046753365 0.532158229157568 0.0116644994954105
0.00022394614931087 0.532480816742504 0.0116794991905279
0.000223881224231024 0.532801540780664 0.0116944988876372
0.00022381627181221 0.533120410374125 0.0117094985867159
0.00022375129234969 0.533437434653819 0.0117244982877417
0.000223686286135624 0.53375262277713 0.0117394979906926
0.000223621253459095 0.534065983925547 0.0117544976955465
0.000223556194606128 0.534377527302365 0.0117694974022818
0.000223491109859712 0.534687262130431 0.0117844971108767
0.000223425999499824 0.534995197649949 0.01179949682131
0.000223360863803449 0.535301343116324 0.0118144965335602
0.000223295703044605 0.535605707798063 0.0118294962476064
0.000223230517494363 0.535908300974721 0.0118444959634277
0.000223165307420875 0.536209131934892 0.0118594956810032
0.000223100073089389 0.536508209974257 0.0118744954003125
0.000223034814762282 0.536805544393669 0.0118894951213352
0.000222969532699078 0.537101144497293 0.0119044948440511
0.00022290422715647 0.537395019590788 0.0119194945684401
0.000222838898388349 0.537687178979538 0.0119344942944826
0.000222773546645825 0.537977631966928 0.0119494940221588
0.000222708172177251 0.538266387852664 0.0119644937514493
0.000222642775228248 0.538553455931136 0.0119794934823347
0.000222577356041727 0.538838845489833 0.0119944932147961
0.000222511914857917 0.539122565807794 0.0120094929488145
0.000222446451914385 0.539404626154102 0.0120244926843712
0.000222380967446065 0.539685035786426 0.0120394924214476
0.000222315461685278 0.539963803949601 0.0120544921600254
0.000222249934861758 0.540240939874247 0.0120694919000864
0.000222184387202676 0.540516452775439 0.0120844916416126
0.000222118818932666 0.540790351851401 0.0120994913845862
0.000222053230273847 0.541062646282255 0.0121144911289897
0.000221987621445849 0.541333345228799 0.0121294908748055
0.000221921992665836 0.541602457831327 0.0121444906220164
0.000221856344148531 0.541869993208487 0.0121594903706053
0.00022179067610624 0.542135960456171 0.0121744901205553
0.000221724988748875 0.542400368646453 0.0121894898718498
0.00022165928228398 0.542663226826546 0.0122044896244721
0.000221593556916754 0.542924544017808 0.0122194893784059
0.000221527812850074 0.543184329214776 0.0122344891336351
0.000221462050284521 0.543442591384237 0.0122494888901436
0.0002213962694184 0.543699339464325 0.0122644886479156
0.000221330470447769 0.54395458236366 0.0122794884069355
0.000221264653566456 0.544208328960514 0.0122944881671877
0.000221198818966088 0.544460588102005 0.0123094879286571
0.000221132966836112 0.544711368603328 0.0123244876913283
0.000221067097363816 0.544960679247013 0.0123394874551866
0.000221001210734357 0.54520852878221 0.012354487220217
0.000220935307130779 0.545454925924008 0.0123694869864051
0.000220869386734039 0.545699879352773 0.0123844867537362
0.000220803449723028 0.545943397713526 0.0123994865221963
0.000220737496274594 0.546185489615336 0.012414486291771
0.000220671526563564 0.546426163630749 0.0124294860624465
0.000220605540762766 0.546665428295233 0.012444485834209
0.000220539539043052 0.546903292106653 0.0124594856070448
0.00022047352157332 0.547139763524776 0.0124744853809405
0.000220407488520534 0.547374850970787 0.0124894851558828
0.000220341440049747 0.547608562826839 0.0125044849318585
0.000220275376324122 0.547840907435623 0.0125194847088546
0.000220209297504954 0.548071893099956 0.0125344844868583
0.000220143203751688 0.548301528082399 0.0125494842658569
0.000220077095221945 0.548529820604884 0.0125644840458379
0.000220010972071539 0.548756778848375 0.0125794838267889
0.000219944834454497 0.548982410952539 0.0125944836086976
0.000219878682523083 0.549206725015439 0.0126094833915521
0.000219812516427816 0.549429729093254 0.0126244831753402
0.000219746336317489 0.549651431199999 0.0126394829600504
0.00021968014233919 0.549871839307287 0.0126544827456708
0.000219613934638324 0.550090961344086 0.0126694825321901
0.000219547713358627 0.550308805196509 0.0126844823195968
0.00021948147864219 0.550525378707612 0.0126994821078798
0.000219415230629479 0.550740689677214 0.012714481897028
0.000219348969459348 0.550954745861723 0.0127294816870303
0.000219282695269064 0.551167554973991 0.0127444814778761
0.000219216408194321 0.551379124683172 0.0127594812695546
0.000219150108369264 0.5515894626146 0.0127744810620553
0.000219083795926501 0.55179857634968 0.0127894808553679
0.000219017470997123 0.552006473425792 0.0128044806494819
0.000218951133710727 0.552213161336209 0.0128194804443874
0.000218884784195425 0.552418647530025 0.0128344802400742
0.000218818422577869 0.552622939412101 0.0128494800365325
0.000218752048983264 0.552826044343015 0.0128644798337525
0.000218685663535388 0.553027969639032 0.0128794796317246
0.000218619266356605 0.553228722572081 0.0128944794304392
0.000218552857567887 0.553428310369739 0.0129094792298869
0.000218486437288827 0.553626740215236 0.0129244790300586
0.000218420005637656 0.553824019247458 0.0129394788309449
0.000218353562731261 0.554020154560969 0.0129544786325369
0.000218287108685199 0.554215153206038 0.0129694784348256
0.000218220643613713 0.554409022188678 0.0129844782378023
0.000218154167629752 0.554601768470692 0.0129994780414581
0.000218087680844979 0.554793398969726 0.0130144778457846
0.000218021183369793 0.554983920559334 0.0130294776507733
0.000217954675313342 0.55517334006905 0.0130444774564156
0.000217888156783537 0.555361664284466 0.0130594772627035
0.000217821627887068 0.555548899947318 0.0130744770696288
0.000217755088729419 0.555735053755581 0.0130894768771833
0.000217688539414883 0.555920132363571 0.0131044766853592
0.000217621980046572 0.556104142382049 0.0131194764941486
0.00021755541072644 0.556287090378335 0.0131344763035437
0.000217488831555288 0.556468982876433 0.013149476113537
0.000217422242632784 0.55664982635715 0.0131644759241208
0.000217355644057472 0.556829627258233 0.0131794757352877
0.000217289035926792 0.557008391974503 0.0131944755470303
0.000217222418337086 0.557186126858001 0.0132094753593415
0.000217155791383616 0.557362838218129 0.013224475172214
0.000217089155160577 0.55753853232181 0.0132394749856408
0.000217022509761109 0.55771321539364 0.0132544747996148
0.000216955855277307 0.557886893616051 0.0132694746141293
0.000216889191800241 0.558059573129476 0.0132844744291773
0.000216822519419959 0.558231260032519 0.0132994742447523
0.000216755838225508 0.55840196038213 0.0133144740608475
0.000216689148304942 0.558571680193782 0.0133294738774564
0.000216622449745332 0.558740425441649 0.0133444736945726
0.000216555742632783 0.558908202058795 0.0133594735121897
0.000216489027052443 0.559075015937355 0.0133744733303014
0.000216422303088514 0.559240872928735 0.0133894731489016
0.000216355570824265 0.559405778843797 0.013404472967984
0.000216288830342043 0.559569739453057 0.0134194727875427
0.000216222081723282 0.559732760486889 0.0134344726075717
0.00021615532504852 0.559894847635718 0.013449472428065
0.000216088560397402 0.560056006550232 0.0134644722490169
0.000216021787848697 0.560216242841582 0.0134794720704217
0.000215955007480305 0.56037556208159 0.0134944718922737
0.000215888219369271 0.560533969802965 0.0135094717145673
0.00021582142359179 0.560691471499506 0.0135244715372969
0.000215754620223225 0.560848072626322 0.0135394713604572
0.00021568780933811 0.561003778600044 0.0135544711840428
0.000215620991010162 0.561158594799042 0.0135694710080483
0.000215554165312295 0.561312526563643 0.0135844708324686
0.000215487332316625 0.56146557919635 0.0135994706572984
0.000215420492094479 0.561617757962062 0.0136144704825327
0.000215353644716409 0.561769068088296 0.0136294703081665
0.000215286790252201 0.561919514765408 0.0136444701341947
0.000215219928770877 0.562069103146819 0.0136594699606125
0.000215153060340715 0.562217838349235 0.013674469787415
0.00021508618502925 0.562365725452876 0.0136894696145975
0.000215019302903285 0.562512769501696 0.0137044694421552
0.000214952414028903 0.562658975503616 0.0137194692700835
0.000214885518471471 0.562804348430743 0.0137344690983778
0.000214818616295651 0.562948893219604 0.0137494689270336
0.000214751707565409 0.563092614771365 0.0137644687560463
0.000214684792344024 0.563235517952066 0.0137794685854117
0.000214617870694091 0.563377607592845 0.0137944684151252
0.000214550942677538 0.563518888490164 0.0138094682451827
0.000214484008355626 0.563659365406042 0.0138244680755798
0.000214417067788961 0.563799043068276 0.0138394679063125
0.000214350121037502 0.563937926170674 0.0138544677373765
0.000214283168160568 0.564076019373281 0.0138694675687677
0.000214216209216843 0.564213327302606 0.0138844674004821
0.000214149244264389 0.564349854551848 0.0138994672325158
0.000214082273360651 0.564485605681127 0.0139144670648649
0.000214015296562462 0.564620585217705 0.0139294668975254
0.000213948313926053 0.564754797656216 0.0139444667304934
0.000213881325507059 0.564888247458893 0.0139594665637654
0.00021381433136053 0.565020939055788 0.0139744663973374
0.000213747331540931 0.565152876845003 0.0139894662312059
0.000213680326102153 0.56528406519291 0.0140044660653672
0.000213613315097522 0.565414508434377 0.0140194658998177
0.000213546298579801 0.565544210872988 0.0140344657345538
0.0002134792766012 0.565673176781273 0.0140494655695721
0.00021341224921338 0.565801410400919 0.0140644654048692
0.000213345216467464 0.565928915943002 0.0140794652404416
0.000213278178414037 0.566055697588199 0.0140944650762859
0.000213211135103158 0.56618175948701 0.0141094649123989
0.000213144086584364 0.566307105759982 0.0141244647487772
0.000213077032906675 0.566431740497918 0.0141394645854177
0.000213009974118603 0.566555667762101 0.0141544644223171
0.000212942910268154 0.566678891584508 0.0141694642594722
0.000212875841402838 0.566801415968024 0.0141844640968801
0.000212808767569674 0.566923244886659 0.0141994639345375
0.000212741688815192 0.567044382285758 0.0142144637724415
0.000212674605185445 0.567164832082217 0.0142294636105891
0.000212607516726009 0.567284598164693 0.0142444634489772
0.000212540423481992 0.567403684393814 0.0142594632876031
0.000212473325498037 0.567522094602389 0.0142744631264638
0.000212406222818331 0.567639832595617 0.0142894629655564
0.000212339115486608 0.567756902151291 0.0143044628048782
0.000212272003546151 0.56787330702001 0.0143194626444264
0.000212204887039806 0.567989050925379 0.0143344624841982
0.000212137766009977 0.568104137564216 0.014349462324191
0.00021207064049864 0.568218570606754 0.014364462164402
0.000212003510547342 0.568332353696843 0.0143794620048287
0.000211936376197207 0.56844549045215 0.0143944618454684
0.000211869237488944 0.568557984464359 0.0144094616863185
0.000211802094462849 0.568669839299372 0.0144244615273766
0.000211734947158811 0.5687810584975 0.0144394613686401
0.000211667795616314 0.568891645573666 0.0144544612101066
0.000211600639874447 0.569001604017594 0.0144694610517735
0.000211533479971903 0.569110937294008 0.0144844608936386
0.000211466315946988 0.569219648842821 0.0144994607356993
0.000211399147837623 0.569327742079325 0.0145144605779534
0.000211331975681348 0.569435220394388 0.0145294604203986
0.000211264799515328 0.569542087154633 0.0145444602630325
0.000211197619376357 0.569648345702635 0.0145594601058529
0.000211130435300861 0.5697539993571 0.0145744599488575
0.000211063247324905 0.569859051413056 0.0145894597920442
0.000210996055484193 0.569963505142033 0.0146044596354107
0.000210928859814075 0.570067363792247 0.014619459478955
0.000210861660349552 0.570170630588783 0.0146344593226748
0.000210794457125278 0.570273308733774 0.0146494591665681
0.000210727250175562 0.570375401406578 0.0146644590106328
0.000210660039534377 0.570476911763961 0.0146794588548668
0.00021059282523536 0.570577842940267 0.0146944586992682
0.000210525607311817 0.570678198047602 0.014709458543835
0.000210458385796728 0.570777980175998 0.0147244583885651
0.000210391160722748 0.570877192393593 0.0147394582334566
0.000210323932122213 0.570975837746802 0.0147544580785076
0.000210256700027141 0.571073919260484 0.0147694579237162
0.000210189464469239 0.571171439938114 0.0147844577690806
0.000210122225479904 0.57126840276195 0.0147994576145988
0.000210054983090229 0.571364810693202 0.014814457460269
0.000209987737331002 0.571460666672193 0.0148294573060895
0.000209920488232715 0.571555973618526 0.0148444571520584
0.000209853235825561 0.571650734431249 0.014859456998174
0.000209785980139445 0.571744951989013 0.0148744568444345
0.00020971872120398 0.571838629150235 0.0148894566908382
0.000209651459048494 0.571931768753257 0.0149044565373835
0.000209584193702034 0.572024373616505 0.0149194563840686
0.000209516925193364 0.572116446538644 0.0149344562308919
0.000209449653550977 0.572207990298735 0.0149494560778517
0.000209382378803089 0.572299007656392 0.0149644559249465
0.000209315100977646 0.57238950135193 0.0149794557721745
0.000209247820102329 0.572479474106523 0.0149944556195344
0.000209180536204553 0.572568928622351 0.0150094554670244
0.000202437087026692 0.578917443340625 0.0165094408619362
0.000195673576883486 0.581056289291725 0.0180094270486848
0.0001889043269991 0.58041022836888 0.0195094133999291
0.000182136382262504 0.577745991691676 0.021009399736006
0.000175373800992018 0.573495015458434 0.0225093860097028
0.000168619338831381 0.567902210027666 0.0240093722151389
0.000161875190961523 0.561099545069034 0.0255093583588778
0.000155143358886542 0.55314455113792 0.0270093444503072
0.000148425857013735 0.544041049599135 0.0285093304984725
0.000141724849533843 0.533750105161801 0.0300093165111717
0.000135042759829739 0.522195084734185 0.0315093024948417
0.000128382374889495 0.509262740459981 0.0330092884547011
0.000121746959182903 0.494801204825129 0.0345092743949541
0.000115140389881136 0.47861517643498 0.0360092603189862
0.000108567325757535 0.460458146046525 0.0375092462295305
0.000102033424835666 0.440021136160488 0.0390092321288033
9.55456309171187e-05 0.416917021312545 0.0405092180186109
8.91125572026863e-05 0.390658990906284 0.042009203900434
8.27450076474082e-05 0.360631040274931 0.0435091897754934
7.64566956896604e-05 0.326047449112811 0.0450091756448019
7.02652491359448e-05 0.285896954403405 0.0465091615092044
6.4193634854515e-05 0.238865735384242 0.0480091473694096
5.82722059943247e-05 0.183231638538754 0.0495091332260155
5.2541679602265e-05 0.116721302485643 0.0510091190795289
4.70575074631823e-05 0.0363252441676583 0.052509104930381
4.1896312810666e-05 -0.0619172935204485 0.0540090907789394
3.71652867196821e-05 -0.183098146888858 0.0555090766255172
3.3015447521779e-05 -0.333373921817984 0.0570090624703792
2.9658677597652e-05 -0.519111728914294 0.0585090483137449
2.73841538557039e-05 -0.744160342900503 0.0600090341557891
2.65569323143143e-05 -1.0040457167833 0.0615090199966395
2.75556271282071e-05 -1.2787605310716 0.0630090058363763
3.05977958463209e-05 -1.53356129129166 0.0645089916750416
3.55252867629685e-05 -1.73705634862348 0.0660089775126735
4.18241374850511e-05 -1.88122352070725 0.0675089633493471
4.89326173928417e-05 -1.97843764299711 0.0690089491851811
5.64738648396776e-05 -2.04485212126317 0.070508935020304
6.42495428868504e-05 -2.09199761927803 0.0720089208548259
7.2160393452024e-05 -2.12683813762719 0.0735089066888336
8.01546153086981e-05 -2.15350300847435 0.0750088925223951
8.82033624526366e-05 -2.17451284180232 0.0765088783555643
9.62895351082297e-05 -2.19146859814695 0.0780088641883854
0.000104402432111659 -2.20542743231051 0.0795088500208952
0.00011253504359361 -2.2171122255723 0.0810088358531246
0.000120682597996251 -2.22703262486777 0.0825088216851001
0.00012884174027373 -2.23555761712662 0.0840088075168448
0.000137010045256474 -2.24296060106147 0.0855087933483788
0.000145185717758965 -2.24944828760688 0.0870087791797197
0.000153367401241571 -2.25517977000134 0.0885087650108834
0.000161554051971231 -2.26027943372624 0.0900087508418838
0.000169744854021817 -2.26484589862518 0.0915087366727333
0.0001779391604893 -2.26895834113075 0.0930087225034433
0.000186136451974301 -2.27268104746073 0.0945087083340239
0.000194336306703948 -2.27606674788683 0.0960086941644844
0.000202538378663669 -2.27915909555626 0.0975086799948331
0.00021074238134527 -2.28199453484583 0.0990086658250775
